example, 2, 0, 0, 2, 0.01, 0, 2, 0, 0, 2, 0, 0, 
example, 2, 0, 0, 2, 0, 0, 2, 0, 0, 2, 0, 0, 
preprocessed_instances/small_world-N1000-d4-p0.3-s1, 1, 0.36, 0, 1, 0.41, 0, 
preprocessed_instances/small_world-N1000-d4-p0.3-s1, 1, 0.12, 0, 1, 0.11, 0, 
preprocessed_instances/small_world-N1000-d4-p0.3-s1, 1, 0.11, 0, 1, 0.12, 0, 
created_instances/small_world-N10000-d4-p0.3-s1, 4, 19.69, 0, 3, 16.11, 0, 3, 15.47, 0, 4, 23.85, 0, 4, 23.56, 0, 3, 15.21, 0, 3, 14.83, 0, 
created_instances/small_world-N10000-d4-p0.3-s10, 2, 13.37, 0, 1, 13.63, 0, 2, 14.23, 0, 2, 13.7, 0, 2, 13.63, 0, 1, 13.59, 0, 2, 14.45, 0, 
created_instances/small_world-N10000-d4-p0.3-s2, 3, 14.63, 0, 2, 14.79, 0, 2, 14.57, 0, 3, 14.62, 0, 3, 15.12, 0, 2, 14.14, 0, 2, 14.06, 0, 
created_instances/small_world-N10000-d4-p0.3-s3, 1, 13.04, 0, 1, 13.33, 0, 1, 13.52, 0, 1, 13.36, 0, 1, 13.51, 0, 1, 13.34, 0, 1, 13.33, 0, 
created_instances/small_world-N10000-d4-p0.3-s4, 1, 13.97, 0, 1, 13.76, 0, 1, 13.73, 0, 1, 14.7, 0, 1, 14.14, 0, 1, 13.78, 0, 1, 13.75, 0, 
created_instances/small_world-N10000-d4-p0.3-s5, 1, 13.15, 0, 1, 13.67, 0, 1, 13.65, 0, 1, 13.35, 0, 1, 14.84, 0, 1, 14.98, 0, 1, 13.39, 0, 
created_instances/small_world-N10000-d4-p0.3-s6, 1, 13.59, 0, 1, 13.94, 0, 1, 13.88, 0, 1, 13.87, 0, 1, 14.08, 0, 1, 13.92, 0, 1, 13.93, 0, 
created_instances/small_world-N10000-d4-p0.3-s7, 1, 12.7, 0, 1, 12.93, 0, 1, 12.9, 0, 1, 12.95, 0, 1, 12.92, 0, 1, 13.05, 0, 1, 12.89, 0, 
created_instances/small_world-N10000-d4-p0.3-s8, 1, 12.81, 0, 1, 13.12, 0, 1, 13.23, 0, 1, 13.05, 0, 1, 13.11, 0, 1, 13.11, 0, 1, 13.14, 0, 
created_instances/small_world-N10000-d4-p0.3-s9, 2, 13.44, 0, 1, 13.73, 0, 1, 13.64, 0, 2, 13.75, 0, 2, 13.73, 0, 1, 13.72, 0, 1, 13.62, 0, 
created_instances/small_world-N1000-d4-p0.3-s1, 1, 0.11, 0, 1, 0.12, 0, 1, 0.12, 0, 1, 0.11, 0, 1, 0.12, 0, 1, 0.11, 0, 1, 0.12, 0, 
created_instances/small_world-N100-d4-p0.3-s1, 1, 0, 0, 1, 0, 0, 1, 0, 0, 1, 0.01, 0, 1, 0, 0, 1, 0, 0, 1, 0, 0, 
created_instances/small_world-N10-d2-p0.3-s1, 1, 0, 0, 1, 0, 0, 1, 0, 0, 1, 0, 0, 1, 0, 0, 1, 0, 0, 1, 0, 0, 
