../instances/coloring_preprocessed_degree/myciel3.col, 34, 0, 0, 34, 0, 0, 34, 0, 0, 34, 0, 0, 34, 0, 0, 34, 0, 0, 34, 0, 0, 
../instances/coloring_preprocessed_degree/anna.col, 41, 17.58, 0, 144, 298.25, 0.0749799, 121, 101.55, 0, 172, 294.5, 0.591765, 223, 295.58, 0.703311, 107, 6.82, 0, 54, 29.04, 0, 
../instances/coloring_preprocessed_degree/david.col, 7, 0.05, 0, 107, 22.1, 0, 107, 32.05, 0, 107, 193.81, 0, 107, 298.53, 0.0373832, 113, 4.42, 0, 40, 11.83, 0, 
../instances/coloring_preprocessed_degree/fpsol2.i.1.col, 1333, 293.28, 0.476649, 1665, 299.54, 0.956253, 1899, 299.57, 0.975218, 3550, 273.91, 0.84435, 2786, 281.27, 0.808626, 50, 299.89, 0.215, 40, 65.84, 0, 
../instances/coloring_preprocessed_degree/fpsol2.i.2.col, 716, 296.76, 0.399259, 3819, 299.51, 0.984376, 3673, 299.71, 0.980993, 17904, 291.14, 0.98006, 14815, 291.12, 0.973383, 99, 88.26, 0, 30, 299.98, 0.129032, 
../instances/coloring_preprocessed_degree/fpsol2.i.3.col, 406, 298.57, 0.0210912, 4532, 299.78, 0.989409, 4385, 299.47, 0.982212, 18720, 288.4, 0.982585, 18720, 292.99, 0.980577, 54, 63.32, 0, 19, 42.48, 0, 
../instances/coloring_preprocessed_degree/games120.col, 368, 3.14, 0, 603, 217.94, 0, 600, 293.94, 0.075, 885, 293.45, 0.385311, 872, 299.37, 0.0676606, 592, 30.25, 0, 735, 298.86, 0.404082, 
../instances/coloring_preprocessed_degree/huck.col, 162, 7.15, 0, 230, 4.6, 0, 210, 11.95, 0, 268, 8.36, 0, 238, 6.59, 0, 167, 0.13, 0, 197, 49.96, 0, 
../instances/coloring_preprocessed_degree/inithx.i.1.col, 2183, 291.15, 0.796464, 21057, 299.97, 0.999274, 13727, 299.86, 0.999126, 26147, 277.05, 0.979517, 21094, 275.34, 0.976491, 131, 300.12, 0.835878, 33, 94.28, 0, 
../instances/coloring_preprocessed_degree/inithx.i.2.col, 314, 297.58, 0.0163388, 29236, 300.03, 0.999073, 14886, 299.76, 0.998845, 23229, 288.89, 0.988325, 29236, 289.65, 0.991894, 391, 299.99, 0.887894, 35, 300.04, 0.790476, 
../instances/coloring_preprocessed_degree/inithx.i.3.col, 3996, 289.38, 0.910661, 28429, 300.12, 0.998874, 28429, 299.44, 0.999191, 23188, 290.35, 0.989477, 22814, 285.84, 0.98757, 722, 299.42, 0.968606, 75, 299.63, 0.826667, 
../instances/coloring_preprocessed_degree/jean.col, 2938, 0.01, 0, 0, 0, 0, 0, 0, 0, 0, 0, 0, 0, 0, 0, 0, 0, 0, 0, 0, 0, 
../instances/coloring_preprocessed_degree/le450_15a.col, 15, 9.8, 0, 2708, 299.31, 0.994417, 2527, 299.71, 0.993358, 22355, 286.79, 0.999702, 22355, 279.64, 0.999568, 109, 299.62, 0.813636, 12, 202.19, 0, 
../instances/coloring_preprocessed_degree/le450_15b.col, 14, 7.88, 0, 2508, 299.09, 0.994746, 3059, 299.57, 0.996894, 17687, 290.24, 0.999194, 22102, 288.24, 0.999647, 222, 299.82, 0.972973, 12, 148.61, 0, 
../instances/coloring_preprocessed_degree/le450_15c.col, 1011, 293.46, 0.613048, 3745, 299.2, 0.993878, 3498, 299.85, 0.994158, 18499, 289.94, 0.982264, 22863, 267.48, 0.984735, 42, 179.59, 0, 23, 300.07, 0.652174, 
../instances/coloring_preprocessed_degree/le450_15d.col, 889, 292.15, 0.711171, 3842, 300.06, 0.994946, 3677, 299.9, 0.996872, 18337, 288.93, 0.988439, 18025, 269.71, 0.987295, 20, 100.3, 0, 20, 299.97, 0.4, 
../instances/coloring_preprocessed_degree/le450_25a.col, 13, 2.97, 0, 2986, 299.71, 0.994139, 2907, 299.81, 0.995485, 18778, 277.13, 0.99968, 19597, 265.56, 0.999468, 36, 144.9, 0, 9, 244.16, 0, 
../instances/coloring_preprocessed_degree/le450_25b.col, 11, 0.32, 0, 3501, 298.6, 0.994002, 3270, 299.84, 0.98904, 18546, 287.1, 0.999105, 18773, 260.68, 0.998888, 36, 201.82, 0, 22, 182.78, 0, 
../instances/coloring_preprocessed_degree/le450_25c.col, 218, 289.44, 0.754379, 3642, 300.04, 0.996705, 3839, 299.95, 0.996093, 23278, 288.37, 0.998894, 18504, 282.54, 0.997298, 178, 300.14, 0.960674, 14, 299.97, 0.133333, 
../instances/coloring_preprocessed_degree/le450_25d.col, 84, 21.49, 0, 3186, 299.92, 0.993863, 3639, 299.95, 0.994444, 18602, 285.51, 0.995681, 18677, 289.03, 0.996801, 39, 158.51, 0, 20, 248.01, 0, 
../instances/coloring_preprocessed_degree/le450_5a.col, 474, 289.91, 0.772041, 2678, 299.94, 0.995482, 2038, 299.91, 0.994603, 22242, 285.25, 0.996088, 17877, 278.73, 0.994574, 17, 59.04, 0, 12, 299.98, 0.307692, 
../instances/coloring_preprocessed_degree/le450_5b.col, 128, 41.4, 0, 3052, 299.63, 0.995272, 2148, 299.86, 0.991599, 23228, 283.29, 0.995501, 23228, 285.51, 0.995415, 34, 184.5, 0, 6, 145.58, 0, 
../instances/coloring_preprocessed_degree/le450_5c.col, 2667, 289.48, 0.835797, 3100, 299.87, 0.993789, 3041, 299.83, 0.993232, 18945, 289.23, 0.977086, 18472, 283.93, 0.977669, 25, 186.07, 0, 34, 300.03, 0.441176, 
../instances/coloring_preprocessed_degree/le450_5d.col, 2486, 291.49, 0.827485, 3157, 299.93, 0.992954, 3367, 299.88, 0.994654, 18446, 285.62, 0.977213, 23400, 264.98, 0.98238, 48, 228.24, 0, 15, 300.01, 0.2, 
../instances/coloring_preprocessed_degree/miles1000.col, 240, 0.43, 0, 706, 281.07, 0.819263, 996, 289.66, 0.886881, 763, 275.69, 0.646134, 810, 253.46, 0.676658, 111, 46.44, 0, 69, 63.58, 0, 
../instances/coloring_preprocessed_degree/miles1500.col, 809, 283.55, 0, 2167, 293.91, 0.935169, 1429, 295.17, 0.910067, 1148, 296.29, 0.312904, 1104, 277.51, 0.265536, 96, 21.95, 0, 97, 10.23, 0, 
../instances/coloring_preprocessed_degree/miles250.col, 186, 31.77, 0, 288, 0.46, 0, 217, 0.03, 0, 286, 3.31, 0, 292, 2.55, 0, 134, 0.01, 0, 279, 1.04, 0, 
../instances/coloring_preprocessed_degree/miles500.col, 53, 3.74, 0, 553, 285.5, 0.513821, 381, 295.23, 0.272091, 706, 289.15, 0.516834, 636, 278.89, 0.559624, 302, 27.01, 0, 205, 16.83, 0, 
../instances/coloring_preprocessed_degree/miles750.col, 122, 4.05, 0, 603, 284.47, 0.716775, 779, 290.87, 0.82285, 1215, 275.62, 0.81893, 950, 261.97, 0.793513, 188, 52.5, 0, 32, 0.08, 0, 
../instances/coloring_preprocessed_degree/mulsol.i.1.col, 657, 298.52, 0.0360443, 2348, 288.13, 0.922545, 1468, 297.95, 0.858638, 1259, 278.16, 0.454329, 1217, 262.35, 0.479869, 196, 10.66, 0, 63, 0.15, 0, 
../instances/coloring_preprocessed_degree/mulsol.i.2.col, 368, 50.5, 0, 1295, 289.18, 0.92471, 1050, 293.94, 0.907778, 1343, 291.06, 0.717819, 1159, 294.36, 0.69745, 142, 48.77, 0, 54, 23.29, 0, 
../instances/coloring_preprocessed_degree/mulsol.i.3.col, 367, 100.5, 0, 1252, 289.43, 0.918264, 1731, 293.91, 0.937103, 1376, 291.61, 0.7337, 1237, 262.46, 0.64852, 19, 0.2, 0, 57, 299.73, 0.367816, 
../instances/coloring_preprocessed_degree/mulsol.i.4.col, 447, 31.72, 0, 1429, 287.27, 0.903895, 1497, 294.02, 0.91984, 1534, 291.41, 0.753552, 1322, 292.74, 0.674011, 158, 71.09, 0, 79, 299.79, 0.360759, 
../instances/coloring_preprocessed_degree/mulsol.i.5.col, 366, 1.6, 0, 2683, 286.54, 0.967712, 1181, 294.69, 0.911939, 881, 293.56, 0.567852, 839, 291.06, 0.554261, 154, 40.49, 0, 57, 246.96, 0, 
../instances/coloring_preprocessed_degree/myciel3.col, 34, 0, 0, 34, 0, 0, 34, 0, 0, 34, 0, 0, 34, 0.01, 0, 34, 0, 0, 34, 0, 0, 
../instances/coloring_preprocessed_degree/myciel4.col, 109, 0, 0, 125, 0.04, 0, 125, 0.02, 0, 125, 0.01, 0, 125, 0.01, 0, 160, 0.03, 0, 130, 0.02, 0, 
../instances/coloring_preprocessed_degree/myciel5.col, 186, 4.02, 0, 268, 292.71, 0.200314, 217, 92.49, 0, 268, 295.1, 0.163646, 296, 274.07, 0.277027, 174, 0.75, 0, 66, 0.02, 0, 
../instances/coloring_preprocessed_degree/myciel6.col, 66, 0.01, 0, 468, 282.57, 0.789576, 344, 295.56, 0.766704, 654, 247.19, 0.843654, 531, 249.53, 0.789914, 140, 15.14, 0, 29, 0.02, 0, 
../instances/coloring_preprocessed_degree/myciel7.col, 236, 271.99, 0, 1286, 293.39, 0.944797, 1641, 297.46, 0.970381, 4422, 289.9, 0.964496, 9863, 277.12, 0.985371, 72, 18.08, 0, 74, 38.1, 0, 
../instances/coloring_preprocessed_degree/queen10_10.col, 410, 0.01, 0, 971, 290.72, 0.926153, 720, 297.61, 0.911204, 643, 284.06, 0.340591, 594, 275.94, 0.27545, 23, 0.04, 0, 69, 11.32, 0, 
../instances/coloring_preprocessed_degree/queen11_11.col, 378, 14.08, 0, 938, 286.94, 0.891817, 895, 296.71, 0.903263, 557, 295.83, 0.319639, 576, 283.83, 0.353891, 121, 24.75, 0, 35, 0.04, 0, 
../instances/coloring_preprocessed_degree/queen12_12.col, 566, 4.39, 0, 1377, 297.29, 0.951519, 1109, 298.57, 0.946799, 1186, 295.05, 0.528949, 1229, 249.06, 0.557796, 69, 8.98, 0, 11, 0.1, 0, 
../instances/coloring_preprocessed_degree/queen13_13.col, 506, 298.47, 0.0594638, 1066, 287.95, 0.922139, 1109, 295.5, 0.900019, 962, 279.84, 0.507796, 1290, 282.06, 0.633902, 68, 16.68, 0, 72, 70.68, 0, 
../instances/coloring_preprocessed_degree/queen14_14.col, 622, 297.54, 0.0518777, 1360, 297.38, 0.933096, 2978, 298.93, 0.985003, 1689, 291.85, 0.65834, 1353, 252.7, 0.569369, 58, 25.26, 0, 29, 105.15, 0, 
../instances/coloring_preprocessed_degree/queen15_15.col, 1114, 293.5, 0.488007, 1621, 298.55, 0.958051, 2193, 299.5, 0.974464, 1715, 291.95, 0.669146, 1569, 261.49, 0.626491, 43, 1.27, 0, 64, 91.23, 0, 
../instances/coloring_preprocessed_degree/queen16_16.col, 848, 296.36, 0.380792, 1617, 299.72, 0.983761, 5244, 298.97, 0.995578, 9338, 289.82, 0.943028, 2401, 256.89, 0.774107, 56, 164.84, 0, 30, 299.98, 0.433333, 
../instances/coloring_preprocessed_degree/queen5_5.col, 259, 0, 0, 86, 0, 0, 117, 0.02, 0, 259, 0, 0, 259, 0.01, 0, 118, 0.02, 0, 117, 0.02, 0, 
../instances/coloring_preprocessed_degree/queen6_6.col, 239, 0, 0, 146, 12.02, 0, 146, 29.37, 0, 239, 0, 0, 239, 0, 0, 72, 0.07, 0, 146, 51.01, 0, 
../instances/coloring_preprocessed_degree/queen7_7.col, 455, 0, 0, 311, 163.63, 0, 315, 298.93, 0.143915, 455, 0, 0, 455, 0, 0, 211, 0.39, 0, 185, 0.39, 0, 
../instances/coloring_preprocessed_degree/queen8_12.col, 339, 39.68, 0, 535, 285.12, 0.864486, 496, 294.15, 0.864609, 441, 292.07, 0.263416, 423, 265.99, 0.223168, 78, 1.05, 0, 52, 3.36, 0, 
../instances/coloring_preprocessed_degree/queen8_8.col, 455, 0.01, 0, 590, 296.75, 0.786257, 533, 299.11, 0.778612, 455, 0.04, 0, 455, 0.04, 0, 138, 10.07, 0, 75, 1.95, 0, 
../instances/coloring_preprocessed_degree/queen9_9.col, 315, 0, 0, 446, 291.71, 0.733184, 479, 298.46, 0.775938, 350, 35.31, 0, 340, 11.17, 0, 125, 8.43, 0, 33, 0.04, 0, 
../instances/coloring_preprocessed_degree/school1.col, 24, 3.39, 0, 3825, 299.62, 0.98719, 3289, 299.94, 0.978482, 19940, 286.62, 0.998546, 16436, 289.78, 0.99856, 38, 207.97, 0, 20, 221.43, 0, 
../instances/coloring_preprocessed_degree/school1_nsh.col, 14, 1.07, 0, 4439, 299.35, 0.995392, 2134, 299.8, 0.966698, 14076, 288.46, 0.998103, 13917, 288.67, 0.99921, 28, 104.27, 0, 19, 299.99, 0.210526, 
../instances/coloring_preprocessed_degree/zeroin.i.1.col, 891, 7.96, 0, 1184, 292.09, 0.865511, 1141, 299.14, 0.878586, 943, 298.79, 0.128485, 923, 297.25, 0.0901952, 74, 8.38, 0, 67, 3.04, 0, 
../instances/coloring_preprocessed_degree/zeroin.i.2.col, 471, 218.24, 0, 1747, 288.82, 0.946472, 1700, 292.36, 0.952353, 1158, 291.87, 0.646507, 1216, 272.13, 0.638821, 90, 30.26, 0, 50, 194.74, 0, 
../instances/coloring_preprocessed_degree/zeroin.i.3.col, 441, 104.65, 0, 2382, 288.63, 0.971314, 2042, 294.25, 0.965116, 1270, 292.65, 0.670495, 918, 294.78, 0.513722, 47, 73.25, 0, 66, 299.85, 0.106061, 
